<?xml version="1.0"?>
<opencv_storage>
<calibration_time>"gio 11 feb 2021 16:24:41 CET"</calibration_time>
<nr_of_frames>21</nr_of_frames>
<image_width>800</image_width>
<image_height>600</image_height>
<board_width>9</board_width>
<board_height>6</board_height>
<square_size>25.</square_size>
<fix_aspect_ratio>1.</fix_aspect_ratio>
<!-- flags: +fix_aspectRatio +fix_k3 +fix_k4 +fix_k5 -->
<flags>6274</flags>
<fisheye_model>0</fisheye_model>
<camera_matrix type_id="opencv-matrix">
  <rows>3</rows>
  <cols>3</cols>
  <dt>d</dt>
  <data>
    1.0855553312253910e+03 0. 4.3498537711911928e+02 0.
    1.0855553312253910e+03 2.9346116192121531e+02 0. 0. 1.</data></camera_matrix>
<distortion_coefficients type_id="opencv-matrix">
  <rows>5</rows>
  <cols>1</cols>
  <dt>d</dt>
  <data>
    -2.4511434435991794e-01 -1.8061064103007338e-01
    -6.0537633175725154e-03 8.5233159156998372e-03 0.</data></distortion_coefficients>
<avg_reprojection_error>1.1147528944106220e+00</avg_reprojection_error>
<per_view_reprojection_errors type_id="opencv-matrix">
  <rows>21</rows>
  <cols>1</cols>
  <dt>f</dt>
  <data>
    2.00003684e-01 1.17092989e-01 1.41594782e-01 5.12238145e-01
    1.63114801e-01 1.68719500e-01 2.06019521e-01 3.02838266e-01
    3.58960676e+00 2.98613119e+00 2.50978708e-01 4.29968655e-01
    1.59824118e-01 1.64222717e-01 1.08183861e+00 2.13092297e-01
    1.26304340e+00 5.64344287e-01 3.94739181e-01 3.64941537e-01
    2.22702056e-01</data></per_view_reprojection_errors>
<!-- a set of 6-tuples (rotation vector + translation vector) for each view -->
<extrinsic_parameters type_id="opencv-matrix">
  <rows>21</rows>
  <cols>6</cols>
  <dt>d</dt>
  <data>
    -1.2453533692179351e-01 4.4138287849656885e-02
    -1.1471028729247692e+00 -5.2698775072819467e+02
    5.8701832905288107e+01 1.5533700115529489e+03
    -3.0809556020916218e-01 -1.1916472816016467e-01
    -1.4342574559809702e+00 1.1548629066112177e+02
    1.5612120034311056e+02 1.5621233215995458e+03
    -2.2787488300292405e-01 -5.5912964247190257e-02
    -1.3680966075571617e+00 -2.8160463119125353e+02
    2.0357314378527420e+02 1.5374474684871393e+03
    -2.6443301214288045e-01 -1.0054514582510526e-01
    -1.2292782038031080e+00 -5.3569679665545698e+02
    -1.9018726024868914e+02 1.5842155533091930e+03
    -3.1466376803625118e-01 -1.3998255033270987e-01
    -1.2348160192370667e+00 -2.0872824419366683e+01
    -1.9244643967204536e+02 1.5611417704283795e+03
    -2.0412144067875573e-01 -1.6495781972766441e-01
    -9.1871707099982347e-01 2.2554481503832042e+02
    -1.7032978107505744e+02 1.5421476228252261e+03
    -3.6643560174850937e-01 3.2492971951089789e-01
    1.9037568792145756e-01 2.0069828258349642e+02 1.2943274823754501e+02
    1.6783240145624388e+03 -1.0478677568034309e-01
    1.3705639781035370e-03 5.0897746926862408e-01
    -2.8731505841751618e+02 1.2877726338281789e+02
    1.7069199597949178e+03 -4.3214847926045491e-01
    6.3055614461370846e-01 1.6101854452828777e+00
    -5.0262964489383144e+01 -2.2302292715255405e+01
    1.7409664316176384e+03 3.2792347848932529e-01 7.9604069392892707e-01
    1.6178393734378418e+00 -4.7126688122311430e+02
    1.1058682147191807e+02 1.6526082617403422e+03
    -9.7598728353569156e-02 5.4737771158167126e-01
    2.2515989667042580e+00 2.7132838840401496e+02
    -1.8974853821982776e+02 1.6188583140938065e+03
    -5.5870339049087814e-01 -6.4901783424232029e-02
    2.8058045946825674e+00 -4.5492122997076297e+02
    -1.4137327439575333e+02 1.7801621214990057e+03
    3.6750578862691875e-02 7.9126149066757523e-02 2.7225069753894968e+00
    2.3042777575705557e+01 -1.6272243165255750e+02
    1.5591065497269060e+03 -1.4805566199446840e-01
    4.9227677599561742e-01 1.5375757970161992e+00 4.4033591779364576e+02
    3.6292488831619352e+01 1.7220519536139818e+03 1.3044048682267172e-02
    6.1783311097771365e-01 4.6523940408134701e-01 1.1943610863748285e+01
    -2.4613976824750438e+02 1.6484285846050325e+03
    1.0820609645312620e-01 2.5627544457046836e-01 1.5271447603947210e+00
    1.6954040703926370e+02 -2.6815678072730029e+00
    1.5659978388104873e+03 -1.5422366132173376e-01
    3.7980525411534433e-01 1.9713843931611532e+00
    -4.5139969427567621e+02 -2.6532497158432454e+02
    1.7084245117601308e+03 -5.2817215149052181e-02
    4.2224890495939643e-01 2.0989878373690392e+00
    -2.7216465069041556e+02 -2.7408662185947935e+02
    1.6393603120294599e+03 -1.6763870733550038e-01
    5.3230030219030000e-01 2.4139743683979353e+00
    -9.8090287186902088e+01 -9.4905846538360493e+01
    1.7047137741511890e+03 -2.4920323616183071e-01
    3.7592289578201998e-01 2.6843654482733057e+00
    -3.7787716701553711e+02 1.4796188830557062e+02
    1.7749269509956707e+03 5.5780025524422161e-01 2.5105111722465967e-01
    2.5345886228920351e+00 3.1592819541204392e+02 2.5736861568263447e+02
    1.5117296953937580e+03</data></extrinsic_parameters>
